TABLES:


NxN sqaure, zeros on i==j

0
0

1
0 2
1 0

3
0 2 3 4
1 0 3 4
1 2 0 4
1 2 3 0

5
0 2 3 4 5 6
1 0 3 4 5 6
1 2 0 4 5 6
1 2 3 0 5 6
1 2 3 4 0 6
1 2 3 4 5 0

8
0 2 3 4 5 6 7 8 9
1 0 3 4 5 6 7 8 9
1 2 0 4 5 6 7 8 9
1 2 3 0 5 6 7 8 9
1 2 3 4 0 6 7 8 9
1 2 3 4 5 0 7 8 9
1 2 3 4 5 6 0 8 9
1 2 3 4 5 6 7 0 9
1 2 3 4 5 6 7 8 0

i==j ELIMINATED no zeros

0



1
2
1


3
2 3 4
1 3 4
1 2 4
1 2 3


5
2 3 4 5 6
1 3 4 5 6
1 2 4 5 6
1 2 3 5 6
1 2 3 4 6
1 2 3 4 5


8
2 3 4 5 6 7 8 9
1 3 4 5 6 7 8 9
1 2 4 5 6 7 8 9
1 2 3 5 6 7 8 9
1 2 3 4 6 7 8 9
1 2 3 4 5 7 8 9
1 2 3 4 5 6 8 9
1 2 3 4 5 6 7 9
1 2 3 4 5 6 7 8



